broke_uncovered873.jpg 0 0 0 0 0 0
broke_uncovered875.jpg 0 0.7928061485290527 59 2 706 235
broke_uncovered877.jpg 0 0 0 0 0 0
broke_uncovered878.jpg 3 0.8221121430397034 0 0 288 119
broke_uncovered880.jpg 0 0.9080303907394409 3 3 223 188
broke_uncovered881.jpg 3 0.7217381000518799 1 7 254 130
broke_uncovered882.jpg 0 0 0 0 0 0
broke_uncovered883.jpg 3 0.43683135509490967 5 0 307 105
broke_uncovered888.jpg 0 0.7158464789390564 1 0 350 111
broke_uncovered893.jpg 3 0.719866931438446 1 0 520 183
broke_uncovered898.jpg 3 0.9427562355995178 15 9 542 223
broke_uncovered902.jpg 0 0.5451260805130005 1 0 470 151
broke_uncovered908.jpg 3 0.8842828869819641 22 0 638 200
broke_uncovered91.jpg 3 0.8840101361274719 0 2 385 274
broke_uncovered910.jpg 3 0.6978320479393005 8 14 560 248
broke_uncovered912.jpg 4 0.9222468733787537 0 2 500 159
broke_uncovered914.jpg 4 0.9558556079864502 4 2 469 172
broke_uncovered917.jpg 0 0 0 0 0 0
broke_uncovered918.jpg 3 0.7627428770065308 12 5 439 160
broke_uncovered92.jpg 3 0.9141330718994141 4 5 298 308
broke_uncovered925.jpg 3 0.8258810639381409 3 0 739 219
broke_uncovered926.jpg 0 0.47769930958747864 14 1 425 98
broke_uncovered928.jpg 4 0.6745877265930176 0 1 494 186
broke_uncovered933.jpg 0 0 0 0 0 0
broke_uncovered935.jpg 0 0.792063295841217 3 4 289 175
broke_uncovered937.jpg 0 0.8750798106193542 1 7 426 243
broke_uncovered939.jpg 0 0.9645578265190125 1 3 166 147
broke_uncovered94.jpg 0 0.8925744891166687 0 0 154 61
broke_uncovered942.jpg 0 0.4459525942802429 1 21 348 175
broke_uncovered943.jpg 3 0.9191714525222778 0 0 254 202
broke_uncovered944.jpg 0 0.9035109877586365 0 0 141 118
broke_uncovered947.jpg 0 0.9048284888267517 15 13 155 129
broke_uncovered949.jpg 3 0.7435052394866943 0 2 222 212
broke_uncovered950.jpg 4 0.6678367853164673 12 4 251 78
broke_uncovered951.jpg 0 0.8827260136604309 10 10 200 200
broke_uncovered954.jpg 0 0 0 0 0 0
broke_uncovered955.jpg 0 0.9429051876068115 2 0 245 200
broke_uncovered956.jpg 3 0.9416275024414062 1 2 203 193
broke_uncovered957.jpg 3 0.7028988599777222 8 3 359 118
broke_uncovered958.jpg 3 0.9641032218933105 9 0 312 401
broke_uncovered961.jpg 3 0.9527397751808167 0 14 304 282
broke_uncovered963.jpg 3 0.942571759223938 1 14 386 287
broke_uncovered965.jpg 3 0.9534227252006531 0 4 168 107
broke_uncovered966.jpg 3 0.9482150077819824 7 14 557 360
broke_uncovered967.jpg 3 0.9396114945411682 1 5 355 210
broke_uncovered969.jpg 0 0.8264156579971313 13 18 474 417
broke_uncovered970.jpg 3 0.9530643820762634 0 3 227 226
broke_uncovered974.jpg 0 0 0 0 0 0
broke_uncovered977.jpg 3 0.9551329612731934 9 0 289 328
broke_uncovered978.jpg 0 0.90035080909729 31 13 437 270
broke_uncovered979.jpg 3 0.798875629901886 5 1 164 230
broke_uncovered984.jpg 3 0.9107833504676819 5 6 738 661
broke_uncovered989.jpg 0 0.9014829397201538 22 12 655 498
broke_uncovered991.jpg 4 0.8183817863464355 0 2 467 172
broke_uncovered992.jpg 3 0.6794732213020325 6 1 405 413
broke_uncovered993.jpg 0 0.836500883102417 0 10 840 426
broke_uncovered994.jpg 3 0.9421790242195129 8 16 394 267
broke_uncovered995.jpg 3 0.966143012046814 0 27 780 661
broke_uncovered996.jpg 0 0.7864919900894165 8 0 417 122
broke_uncovered999.jpg 0 0.9278908967971802 3 1 289 135
